NS 100
ROOT 2266
UHF -3,+6,+4,-5,
LHF -3,+1,-2,-6,
PHF +8,+5, 0,+4,
ROOT 9054
UHF -3,+6,+4,-5,
LHF -3,+1,-2,-6,
PHF +8,+5, 0,+4,
ROOT 1775
UHF -3,+6,+4,-5,
LHF -3,+1,-2,-6,
PHF +8,+5, 0,+4,
ROOT 9996
UHF -3,+6,+4,-5,
LHF -3,+1,-2,-6,
PHF +8,+5, 0,+4,
ROOT 1895
UHF -3,+6,+4,-5,
LHF -3,+1,-2,-6,
PHF +8,+5, 0,+4,
ROOT 3077
UHF -3,+6,+4,-5,
LHF -3,+1,-2,-6,
PHF +8,+5, 0,+4,
ROOT 2907
UHF -3,+6,+4,-5,
LHF -3,+1,-2,-6,
PHF +8,+5, 0,+4,
ROOT 8065
UHF -3,+6,+4,-5,
LHF -3,+1,-2,-6,
PHF +8,+5, 0,+4,
ROOT 3077
UHF -3,+6,+4,-5,
LHF -3,+1,-2,-6,
PHF +8,+5, 0,+4,
ROOT 8995
UHF -3,+6,+4,-5,
LHF -3,+1,-2,-6,
PHF +8,+5, 0,+4,
ROOT 2876
UHF -3,+6,+4,-5,
LHF -3,+1,-2,-6,
PHF +8,+5, 0,+4,
ROOT 2985
UHF -3,+6,+4,-5,
LHF -3,+1,-2,-6,
PHF +8,+5, 0,+4,
ROOT 1917
UHF -3,+6,+4,-5,
LHF -3,+1,-2,-6,
PHF +8,+5, 0,+4,
ROOT 1954
UHF -3,+6,+4,-5,
LHF -3,+1,-2,-6,
PHF +8,+5, 0,+4,
ROOT 9286
UHF -3,+6,+4,-5,
LHF -3,+1,-2,-6,
PHF +8,+5, 0,+4,
ROOT 7064
UHF -3,+6,+4,-5,
LHF -3,+1,-2,-6,
PHF +8,+5, 0,+4,
ROOT 2066
UHF -3,+6,+4,-5,
LHF -3,+1,-2,-6,
PHF +8,+5, 0,+4,
ROOT 2885
UHF -3,+6,+4,-5,
LHF -3,+1,-2,-6,
PHF +8,+5, 0,+4,
ROOT 1664
UHF -3,+6,+4,-5,
LHF -3,+1,-2,-6,
PHF +8,+5, 0,+4,
ROOT 1855
UHF -3,+6,+4,-5,
LHF -3,+1,-2,-6,
PHF +8,+5, 0,+4,
ROOT 2065
UHF -3,+6,+4,-5,
LHF -3,+1,-2,-6,
PHF +8,+5, 0,+4,
ROOT 3896
UHF -3,+6,+4,-5,
LHF -3,+1,-2,-6,
PHF +8,+5, 0,+4,
ROOT 9006
UHF -3,+6,+4,-5,
LHF -3,+1,-2,-6,
PHF +8,+5, 0,+4,
ROOT 8175
UHF -3,+6,+4,-5,
LHF -3,+1,-2,-6,
PHF +8,+5, 0,+4,
ROOT 3066
UHF -3,+6,+4,-5,
LHF -3,+1,-2,-6,
PHF +8,+5, 0,+4,
ROOT 7884
UHF -3,+6,+4,-5,
LHF -3,+1,-2,-6,
PHF +8,+5, 0,+4,
ROOT 1944
UHF -3,+6,+4,-5,
LHF -3,+1,-2,-6,
PHF +8,+5, 0,+4,
ROOT 8984
UHF -3,+6,+4,-5,
LHF -3,+1,-2,-6,
PHF +8,+5, 0,+4,
ROOT 1175
UHF -3,+6,+4,-5,
LHF -3,+1,-2,-6,
PHF +8,+5, 0,+4,
ROOT 1917
UHF -3,+6,+4,-5,
LHF -3,+1,-2,-6,
PHF +8,+5, 0,+4,
ROOT 1276
UHF -3,+6,+4,-5,
LHF -3,+1,-2,-6,
PHF +8,+5, 0,+4,
ROOT 2985
UHF -3,+6,+4,-5,
LHF -3,+1,-2,-6,
PHF +8,+5, 0,+4,
ROOT 9996
UHF -3,+6,+4,-5,
LHF -3,+1,-2,-6,
PHF +8,+5, 0,+4,
ROOT 2066
UHF -3,+6,+4,-5,
LHF -3,+1,-2,-6,
PHF +8,+5, 0,+4,
ROOT 9044
UHF -3,+6,+4,-5,
LHF -3,+1,-2,-6,
PHF +8,+5, 0,+4,
ROOT 8175
UHF -3,+6,+4,-5,
LHF -3,+1,-2,-6,
PHF +8,+5, 0,+4,
ROOT 9996
UHF -3,+6,+4,-5,
LHF -3,+1,-2,-6,
PHF +8,+5, 0,+4,
ROOT 1844
UHF -3,+6,+4,-5,
LHF -3,+1,-2,-6,
PHF +8,+5, 0,+4,
ROOT 3986
UHF -3,+6,+4,-5,
LHF -3,+1,-2,-6,
PHF +8,+5, 0,+4,
ROOT 2966
UHF -3,+6,+4,-5,
LHF -3,+1,-2,-6,
PHF +8,+5, 0,+4,
ROOT 9995
UHF -3,+6,+4,-5,
LHF -3,+1,-2,-6,
PHF +8,+5, 0,+4,
ROOT 9785
UHF -3,+6,+4,-5,
LHF -3,+1,-2,-6,
PHF +8,+5, 0,+4,
ROOT 2886
UHF -3,+6,+4,-5,
LHF -3,+1,-2,-6,
PHF +8,+5, 0,+4,
ROOT 1995
UHF -3,+6,+4,-5,
LHF -3,+1,-2,-6,
PHF +8,+5, 0,+4,
ROOT 7074
UHF -3,+6,+4,-5,
LHF -3,+1,-2,-6,
PHF +8,+5, 0,+4,
ROOT 2876
UHF -3,+6,+4,-5,
LHF -3,+1,-2,-6,
PHF +8,+5, 0,+4,
ROOT 3986
UHF -3,+6,+4,-5,
LHF -3,+1,-2,-6,
PHF +8,+5, 0,+4,
ROOT 1896
UHF -3,+6,+4,-5,
LHF -3,+1,-2,-6,
PHF +8,+5, 0,+4,
ROOT 4177
UHF -3,+6,+4,-5,
LHF -3,+1,-2,-6,
PHF +8,+5, 0,+4,
ROOT 2917
UHF -3,+6,+4,-5,
LHF -3,+1,-2,-6,
PHF +8,+5, 0,+4,
ROOT 1955
UHF -3,+6,+4,-5,
LHF -3,+1,-2,-6,
PHF +8,+5, 0,+4,
ROOT 1765
UHF -3,+6,+4,-5,
LHF -3,+1,-2,-6,
PHF +8,+5, 0,+4,
ROOT 9795
UHF -3,+6,+4,-5,
LHF -3,+1,-2,-6,
PHF +8,+5, 0,+4,
ROOT 9684
UHF -3,+6,+4,-5,
LHF -3,+1,-2,-6,
PHF +8,+5, 0,+4,
ROOT 2377
UHF -3,+6,+4,-5,
LHF -3,+1,-2,-6,
PHF +8,+5, 0,+4,
ROOT 1674
UHF -3,+6,+4,-5,
LHF -3,+1,-2,-6,
PHF +8,+5, 0,+4,
ROOT 1765
UHF -3,+6,+4,-5,
LHF -3,+1,-2,-6,
PHF +8,+5, 0,+4,
ROOT 2955
UHF -3,+6,+4,-5,
LHF -3,+1,-2,-6,
PHF +8,+5, 0,+4,
ROOT 9995
UHF -3,+6,+4,-5,
LHF -3,+1,-2,-6,
PHF +8,+5, 0,+4,
ROOT 1277
UHF -3,+6,+4,-5,
LHF -3,+1,-2,-6,
PHF +8,+5, 0,+4,
ROOT 9096
UHF -3,+6,+4,-5,
LHF -3,+1,-2,-6,
PHF +8,+5, 0,+4,
ROOT 2377
UHF -3,+6,+4,-5,
LHF -3,+1,-2,-6,
PHF +8,+5, 0,+4,
ROOT 8075
UHF -3,+6,+4,-5,
LHF -3,+1,-2,-6,
PHF +8,+5, 0,+4,
ROOT 1907
UHF -3,+6,+4,-5,
LHF -3,+1,-2,-6,
PHF +8,+5, 0,+4,
ROOT 2806
UHF -3,+6,+4,-5,
LHF -3,+1,-2,-6,
PHF +8,+5, 0,+4,
ROOT 1276
UHF -3,+6,+4,-5,
LHF -3,+1,-2,-6,
PHF +8,+5, 0,+4,
ROOT 1674
UHF -3,+6,+4,-5,
LHF -3,+1,-2,-6,
PHF +8,+5, 0,+4,
ROOT 1955
UHF -3,+6,+4,-5,
LHF -3,+1,-2,-6,
PHF +8,+5, 0,+4,
ROOT 3166
UHF -3,+6,+4,-5,
LHF -3,+1,-2,-6,
PHF +8,+5, 0,+4,
ROOT 9096
UHF -3,+6,+4,-5,
LHF -3,+1,-2,-6,
PHF +8,+5, 0,+4,
ROOT 1876
UHF -3,+6,+4,-5,
LHF -3,+1,-2,-6,
PHF +8,+5, 0,+4,
ROOT 1176
UHF -3,+6,+4,-5,
LHF -3,+1,-2,-6,
PHF +8,+5, 0,+4,
ROOT 8885
UHF -3,+6,+4,-5,
LHF -3,+1,-2,-6,
PHF +8,+5, 0,+4,
ROOT 7064
UHF -3,+6,+4,-5,
LHF -3,+1,-2,-6,
PHF +8,+5, 0,+4,
ROOT 2266
UHF -3,+6,+4,-5,
LHF -3,+1,-2,-6,
PHF +8,+5, 0,+4,
ROOT 9186
UHF -3,+6,+4,-5,
LHF -3,+1,-2,-6,
PHF +8,+5, 0,+4,
ROOT 1855
UHF -3,+6,+4,-5,
LHF -3,+1,-2,-6,
PHF +8,+5, 0,+4,
ROOT 2876
UHF -3,+6,+4,-5,
LHF -3,+1,-2,-6,
PHF +8,+5, 0,+4,
ROOT 2886
UHF -3,+6,+4,-5,
LHF -3,+1,-2,-6,
PHF +8,+5, 0,+4,
ROOT 2775
UHF -3,+6,+4,-5,
LHF -3,+1,-2,-6,
PHF +8,+5, 0,+4,
ROOT 2066
UHF -3,+6,+4,-5,
LHF -3,+1,-2,-6,
PHF +8,+5, 0,+4,
ROOT 2066
UHF -3,+6,+4,-5,
LHF -3,+1,-2,-6,
PHF +8,+5, 0,+4,
ROOT 2955
UHF -3,+6,+4,-5,
LHF -3,+1,-2,-6,
PHF +8,+5, 0,+4,
ROOT 9795
UHF -3,+6,+4,-5,
LHF -3,+1,-2,-6,
PHF +8,+5, 0,+4,
ROOT 2876
UHF -3,+6,+4,-5,
LHF -3,+1,-2,-6,
PHF +8,+5, 0,+4,
ROOT 7064
UHF -3,+6,+4,-5,
LHF -3,+1,-2,-6,
PHF +8,+5, 0,+4,
ROOT 2906
UHF -3,+6,+4,-5,
LHF -3,+1,-2,-6,
PHF +8,+5, 0,+4,
ROOT 9175
UHF -3,+6,+4,-5,
LHF -3,+1,-2,-6,
PHF +8,+5, 0,+4,
ROOT 9175
UHF -3,+6,+4,-5,
LHF -3,+1,-2,-6,
PHF +8,+5, 0,+4,
ROOT 1844
UHF -3,+6,+4,-5,
LHF -3,+1,-2,-6,
PHF +8,+5, 0,+4,
ROOT 1276
UHF -3,+6,+4,-5,
LHF -3,+1,-2,-6,
PHF +8,+5, 0,+4,
ROOT 7074
UHF -3,+6,+4,-5,
LHF -3,+1,-2,-6,
PHF +8,+5, 0,+4,
ROOT 2277
UHF -3,+6,+4,-5,
LHF -3,+1,-2,-6,
PHF +8,+5, 0,+4,
ROOT 1854
UHF -3,+6,+4,-5,
LHF -3,+1,-2,-6,
PHF +8,+5, 0,+4,
ROOT 4997
UHF -3,+6,+4,-5,
LHF -3,+1,-2,-6,
PHF +8,+5, 0,+4,
ROOT 3176
UHF -3,+6,+4,-5,
LHF -3,+1,-2,-6,
PHF +8,+5, 0,+4,
ROOT 1954
UHF -3,+6,+4,-5,
LHF -3,+1,-2,-6,
PHF +8,+5, 0,+4,
ROOT 1664
UHF -3,+6,+4,-5,
LHF -3,+1,-2,-6,
PHF +8,+5, 0,+4,
ROOT 3066
UHF -3,+6,+4,-5,
LHF -3,+1,-2,-6,
PHF +8,+5, 0,+4,
ROOT 2377
UHF -3,+6,+4,-5,
LHF -3,+1,-2,-6,
PHF +8,+5, 0,+4,
