NS 100
ROOT 9706
UHF -3,+7,+1,+1,
LHF -3,-5,-1,-7,
PHF +4,+1,-6, 0,
ROOT 6013
UHF -3,+7,+1,+1,
LHF -3,-5,-1,-7,
PHF +4,+1,-6, 0,
ROOT 7104
UHF -3,+7,+1,+1,
LHF -3,-5,-1,-7,
PHF +4,+1,-6, 0,
ROOT 9564
UHF -3,+7,+1,+1,
LHF -3,-5,-1,-7,
PHF +4,+1,-6, 0,
ROOT 8453
UHF -3,+7,+1,+1,
LHF -3,-5,-1,-7,
PHF +4,+1,-6, 0,
ROOT 7584
UHF -3,+7,+1,+1,
LHF -3,-5,-1,-7,
PHF +4,+1,-6, 0,
ROOT 6231
UHF -3,+7,+1,+1,
LHF -3,-5,-1,-7,
PHF +4,+1,-6, 0,
ROOT 1326
UHF -3,+7,+1,+1,
LHF -3,-5,-1,-7,
PHF +4,+1,-6, 0,
ROOT 9364
UHF -3,+7,+1,+1,
LHF -3,-5,-1,-7,
PHF +4,+1,-6, 0,
ROOT 8039
UHF -3,+7,+1,+1,
LHF -3,-5,-1,-7,
PHF +4,+1,-6, 0,
ROOT 8213
UHF -3,+7,+1,+1,
LHF -3,-5,-1,-7,
PHF +4,+1,-6, 0,
ROOT 8131
UHF -3,+7,+1,+1,
LHF -3,-5,-1,-7,
PHF +4,+1,-6, 0,
ROOT 7564
UHF -3,+7,+1,+1,
LHF -3,-5,-1,-7,
PHF +4,+1,-6, 0,
ROOT 8093
UHF -3,+7,+1,+1,
LHF -3,-5,-1,-7,
PHF +4,+1,-6, 0,
ROOT 8039
UHF -3,+7,+1,+1,
LHF -3,-5,-1,-7,
PHF +4,+1,-6, 0,
ROOT 1362
UHF -3,+7,+1,+1,
LHF -3,-5,-1,-7,
PHF +4,+1,-6, 0,
ROOT 8453
UHF -3,+7,+1,+1,
LHF -3,-5,-1,-7,
PHF +4,+1,-6, 0,
ROOT 7584
UHF -3,+7,+1,+1,
LHF -3,-5,-1,-7,
PHF +4,+1,-6, 0,
ROOT 8131
UHF -3,+7,+1,+1,
LHF -3,-5,-1,-7,
PHF +4,+1,-6, 0,
ROOT 4215
UHF -3,+7,+1,+1,
LHF -3,-5,-1,-7,
PHF +4,+1,-6, 0,
ROOT 7464
UHF -3,+7,+1,+1,
LHF -3,-5,-1,-7,
PHF +4,+1,-6, 0,
ROOT 8453
UHF -3,+7,+1,+1,
LHF -3,-5,-1,-7,
PHF +4,+1,-6, 0,
ROOT 6013
UHF -3,+7,+1,+1,
LHF -3,-5,-1,-7,
PHF +4,+1,-6, 0,
ROOT 7808
UHF -3,+7,+1,+1,
LHF -3,-5,-1,-7,
PHF +4,+1,-6, 0,
ROOT 6031
UHF -3,+7,+1,+1,
LHF -3,-5,-1,-7,
PHF +4,+1,-6, 0,
ROOT 8453
UHF -3,+7,+1,+1,
LHF -3,-5,-1,-7,
PHF +4,+1,-6, 0,
ROOT 7564
UHF -3,+7,+1,+1,
LHF -3,-5,-1,-7,
PHF +4,+1,-6, 0,
ROOT 9564
UHF -3,+7,+1,+1,
LHF -3,-5,-1,-7,
PHF +4,+1,-6, 0,
ROOT 9760
UHF -3,+7,+1,+1,
LHF -3,-5,-1,-7,
PHF +4,+1,-6, 0,
ROOT 8131
UHF -3,+7,+1,+1,
LHF -3,-5,-1,-7,
PHF +4,+1,-6, 0,
ROOT 9564
UHF -3,+7,+1,+1,
LHF -3,-5,-1,-7,
PHF +4,+1,-6, 0,
ROOT 7808
UHF -3,+7,+1,+1,
LHF -3,-5,-1,-7,
PHF +4,+1,-6, 0,
ROOT 8231
UHF -3,+7,+1,+1,
LHF -3,-5,-1,-7,
PHF +4,+1,-6, 0,
ROOT 8213
UHF -3,+7,+1,+1,
LHF -3,-5,-1,-7,
PHF +4,+1,-6, 0,
ROOT 4215
UHF -3,+7,+1,+1,
LHF -3,-5,-1,-7,
PHF +4,+1,-6, 0,
ROOT 8113
UHF -3,+7,+1,+1,
LHF -3,-5,-1,-7,
PHF +4,+1,-6, 0,
ROOT 7364
UHF -3,+7,+1,+1,
LHF -3,-5,-1,-7,
PHF +4,+1,-6, 0,
ROOT 5224
UHF -3,+7,+1,+1,
LHF -3,-5,-1,-7,
PHF +4,+1,-6, 0,
ROOT 7464
UHF -3,+7,+1,+1,
LHF -3,-5,-1,-7,
PHF +4,+1,-6, 0,
ROOT 4215
UHF -3,+7,+1,+1,
LHF -3,-5,-1,-7,
PHF +4,+1,-6, 0,
ROOT 8437
UHF -3,+7,+1,+1,
LHF -3,-5,-1,-7,
PHF +4,+1,-6, 0,
ROOT 7564
UHF -3,+7,+1,+1,
LHF -3,-5,-1,-7,
PHF +4,+1,-6, 0,
ROOT 7362
UHF -3,+7,+1,+1,
LHF -3,-5,-1,-7,
PHF +4,+1,-6, 0,
ROOT 7564
UHF -3,+7,+1,+1,
LHF -3,-5,-1,-7,
PHF +4,+1,-6, 0,
ROOT 8435
UHF -3,+7,+1,+1,
LHF -3,-5,-1,-7,
PHF +4,+1,-6, 0,
ROOT 9760
UHF -3,+7,+1,+1,
LHF -3,-5,-1,-7,
PHF +4,+1,-6, 0,
ROOT 5124
UHF -3,+7,+1,+1,
LHF -3,-5,-1,-7,
PHF +4,+1,-6, 0,
ROOT 1326
UHF -3,+7,+1,+1,
LHF -3,-5,-1,-7,
PHF +4,+1,-6, 0,
ROOT 7880
UHF -3,+7,+1,+1,
LHF -3,-5,-1,-7,
PHF +4,+1,-6, 0,
ROOT 8031
UHF -3,+7,+1,+1,
LHF -3,-5,-1,-7,
PHF +4,+1,-6, 0,
ROOT 8213
UHF -3,+7,+1,+1,
LHF -3,-5,-1,-7,
PHF +4,+1,-6, 0,
ROOT 7142
UHF -3,+7,+1,+1,
LHF -3,-5,-1,-7,
PHF +4,+1,-6, 0,
ROOT 7362
UHF -3,+7,+1,+1,
LHF -3,-5,-1,-7,
PHF +4,+1,-6, 0,
ROOT 8093
UHF -3,+7,+1,+1,
LHF -3,-5,-1,-7,
PHF +4,+1,-6, 0,
ROOT 1326
UHF -3,+7,+1,+1,
LHF -3,-5,-1,-7,
PHF +4,+1,-6, 0,
ROOT 5224
UHF -3,+7,+1,+1,
LHF -3,-5,-1,-7,
PHF +4,+1,-6, 0,
ROOT 7584
UHF -3,+7,+1,+1,
LHF -3,-5,-1,-7,
PHF +4,+1,-6, 0,
ROOT 4251
UHF -3,+7,+1,+1,
LHF -3,-5,-1,-7,
PHF +4,+1,-6, 0,
ROOT 8031
UHF -3,+7,+1,+1,
LHF -3,-5,-1,-7,
PHF +4,+1,-6, 0,
ROOT 7880
UHF -3,+7,+1,+1,
LHF -3,-5,-1,-7,
PHF +4,+1,-6, 0,
ROOT 6231
UHF -3,+7,+1,+1,
LHF -3,-5,-1,-7,
PHF +4,+1,-6, 0,
ROOT 8113
UHF -3,+7,+1,+1,
LHF -3,-5,-1,-7,
PHF +4,+1,-6, 0,
ROOT 7546
UHF -3,+7,+1,+1,
LHF -3,-5,-1,-7,
PHF +4,+1,-6, 0,
ROOT 7446
UHF -3,+7,+1,+1,
LHF -3,-5,-1,-7,
PHF +4,+1,-6, 0,
ROOT 8251
UHF -3,+7,+1,+1,
LHF -3,-5,-1,-7,
PHF +4,+1,-6, 0,
ROOT 7446
UHF -3,+7,+1,+1,
LHF -3,-5,-1,-7,
PHF +4,+1,-6, 0,
ROOT 7140
UHF -3,+7,+1,+1,
LHF -3,-5,-1,-7,
PHF +4,+1,-6, 0,
ROOT 8031
UHF -3,+7,+1,+1,
LHF -3,-5,-1,-7,
PHF +4,+1,-6, 0,
ROOT 8039
UHF -3,+7,+1,+1,
LHF -3,-5,-1,-7,
PHF +4,+1,-6, 0,
ROOT 1362
UHF -3,+7,+1,+1,
LHF -3,-5,-1,-7,
PHF +4,+1,-6, 0,
ROOT 7564
UHF -3,+7,+1,+1,
LHF -3,-5,-1,-7,
PHF +4,+1,-6, 0,
ROOT 8453
UHF -3,+7,+1,+1,
LHF -3,-5,-1,-7,
PHF +4,+1,-6, 0,
ROOT 4215
UHF -3,+7,+1,+1,
LHF -3,-5,-1,-7,
PHF +4,+1,-6, 0,
ROOT 5242
UHF -3,+7,+1,+1,
LHF -3,-5,-1,-7,
PHF +4,+1,-6, 0,
ROOT 4251
UHF -3,+7,+1,+1,
LHF -3,-5,-1,-7,
PHF +4,+1,-6, 0,
ROOT 8453
UHF -3,+7,+1,+1,
LHF -3,-5,-1,-7,
PHF +4,+1,-6, 0,
ROOT 8215
UHF -3,+7,+1,+1,
LHF -3,-5,-1,-7,
PHF +4,+1,-6, 0,
ROOT 6031
UHF -3,+7,+1,+1,
LHF -3,-5,-1,-7,
PHF +4,+1,-6, 0,
ROOT 8039
UHF -3,+7,+1,+1,
LHF -3,-5,-1,-7,
PHF +4,+1,-6, 0,
ROOT 6817
UHF -3,+7,+1,+1,
LHF -3,-5,-1,-7,
PHF +4,+1,-6, 0,
ROOT 8779
UHF -3,+7,+1,+1,
LHF -3,-5,-1,-7,
PHF +4,+1,-6, 0,
ROOT 7548
UHF -3,+7,+1,+1,
LHF -3,-5,-1,-7,
PHF +4,+1,-6, 0,
ROOT 7808
UHF -3,+7,+1,+1,
LHF -3,-5,-1,-7,
PHF +4,+1,-6, 0,
ROOT 9546
UHF -3,+7,+1,+1,
LHF -3,-5,-1,-7,
PHF +4,+1,-6, 0,
ROOT 7346
UHF -3,+7,+1,+1,
LHF -3,-5,-1,-7,
PHF +4,+1,-6, 0,
ROOT 8251
UHF -3,+7,+1,+1,
LHF -3,-5,-1,-7,
PHF +4,+1,-6, 0,
ROOT 7564
UHF -3,+7,+1,+1,
LHF -3,-5,-1,-7,
PHF +4,+1,-6, 0,
ROOT 7104
UHF -3,+7,+1,+1,
LHF -3,-5,-1,-7,
PHF +4,+1,-6, 0,
ROOT 8215
UHF -3,+7,+1,+1,
LHF -3,-5,-1,-7,
PHF +4,+1,-6, 0,
ROOT 8435
UHF -3,+7,+1,+1,
LHF -3,-5,-1,-7,
PHF +4,+1,-6, 0,
ROOT 7140
UHF -3,+7,+1,+1,
LHF -3,-5,-1,-7,
PHF +4,+1,-6, 0,
ROOT 5242
UHF -3,+7,+1,+1,
LHF -3,-5,-1,-7,
PHF +4,+1,-6, 0,
ROOT 9546
UHF -3,+7,+1,+1,
LHF -3,-5,-1,-7,
PHF +4,+1,-6, 0,
ROOT 7548
UHF -3,+7,+1,+1,
LHF -3,-5,-1,-7,
PHF +4,+1,-6, 0,
ROOT 6817
UHF -3,+7,+1,+1,
LHF -3,-5,-1,-7,
PHF +4,+1,-6, 0,
ROOT 6213
UHF -3,+7,+1,+1,
LHF -3,-5,-1,-7,
PHF +4,+1,-6, 0,
ROOT 7584
UHF -3,+7,+1,+1,
LHF -3,-5,-1,-7,
PHF +4,+1,-6, 0,
ROOT 7140
UHF -3,+7,+1,+1,
LHF -3,-5,-1,-7,
PHF +4,+1,-6, 0,
ROOT 8039
UHF -3,+7,+1,+1,
LHF -3,-5,-1,-7,
PHF +4,+1,-6, 0,
ROOT 6231
UHF -3,+7,+1,+1,
LHF -3,-5,-1,-7,
PHF +4,+1,-6, 0,
