NS 100
ROOT 2009
UHF -3, 0,+4,+6,
LHF +5,-5,+8,-3,
PHF +1,+2, 0,+3,
ROOT 9796
UHF -3, 0,+4,+6,
LHF +5,-5,+8,-3,
PHF +1,+2, 0,+3,
ROOT 8078
UHF -3, 0,+4,+6,
LHF +5,-5,+8,-3,
PHF +1,+2, 0,+3,
ROOT 3756
UHF -3, 0,+4,+6,
LHF +5,-5,+8,-3,
PHF +1,+2, 0,+3,
ROOT 7787
UHF -3, 0,+4,+6,
LHF +5,-5,+8,-3,
PHF +1,+2, 0,+3,
ROOT 5169
UHF -3, 0,+4,+6,
LHF +5,-5,+8,-3,
PHF +1,+2, 0,+3,
ROOT 2018
UHF -3, 0,+4,+6,
LHF +5,-5,+8,-3,
PHF +1,+2, 0,+3,
ROOT 4667
UHF -3, 0,+4,+6,
LHF +5,-5,+8,-3,
PHF +1,+2, 0,+3,
ROOT 3756
UHF -3, 0,+4,+6,
LHF +5,-5,+8,-3,
PHF +1,+2, 0,+3,
ROOT 1198
UHF -3, 0,+4,+6,
LHF +5,-5,+8,-3,
PHF +1,+2, 0,+3,
ROOT 5169
UHF -3, 0,+4,+6,
LHF +5,-5,+8,-3,
PHF +1,+2, 0,+3,
ROOT 8078
UHF -3, 0,+4,+6,
LHF +5,-5,+8,-3,
PHF +1,+2, 0,+3,
ROOT 7563
UHF -3, 0,+4,+6,
LHF +5,-5,+8,-3,
PHF +1,+2, 0,+3,
ROOT 7787
UHF -3, 0,+4,+6,
LHF +5,-5,+8,-3,
PHF +1,+2, 0,+3,
ROOT 8472
UHF -3, 0,+4,+6,
LHF +5,-5,+8,-3,
PHF +1,+2, 0,+3,
ROOT 8078
UHF -3, 0,+4,+6,
LHF +5,-5,+8,-3,
PHF +1,+2, 0,+3,
ROOT 8292
UHF -3, 0,+4,+6,
LHF +5,-5,+8,-3,
PHF +1,+2, 0,+3,
ROOT 8078
UHF -3, 0,+4,+6,
LHF +5,-5,+8,-3,
PHF +1,+2, 0,+3,
ROOT 2009
UHF -3, 0,+4,+6,
LHF +5,-5,+8,-3,
PHF +1,+2, 0,+3,
ROOT 8472
UHF -3, 0,+4,+6,
LHF +5,-5,+8,-3,
PHF +1,+2, 0,+3,
ROOT 7787
UHF -3, 0,+4,+6,
LHF +5,-5,+8,-3,
PHF +1,+2, 0,+3,
ROOT 1198
UHF -3, 0,+4,+6,
LHF +5,-5,+8,-3,
PHF +1,+2, 0,+3,
ROOT 8078
UHF -3, 0,+4,+6,
LHF +5,-5,+8,-3,
PHF +1,+2, 0,+3,
ROOT 2018
UHF -3, 0,+4,+6,
LHF +5,-5,+8,-3,
PHF +1,+2, 0,+3,
ROOT 8472
UHF -3, 0,+4,+6,
LHF +5,-5,+8,-3,
PHF +1,+2, 0,+3,
ROOT 7787
UHF -3, 0,+4,+6,
LHF +5,-5,+8,-3,
PHF +1,+2, 0,+3,
ROOT 8292
UHF -3, 0,+4,+6,
LHF +5,-5,+8,-3,
PHF +1,+2, 0,+3,
ROOT 8292
UHF -3, 0,+4,+6,
LHF +5,-5,+8,-3,
PHF +1,+2, 0,+3,
ROOT 2009
UHF -3, 0,+4,+6,
LHF +5,-5,+8,-3,
PHF +1,+2, 0,+3,
ROOT 7563
UHF -3, 0,+4,+6,
LHF +5,-5,+8,-3,
PHF +1,+2, 0,+3,
ROOT 5169
UHF -3, 0,+4,+6,
LHF +5,-5,+8,-3,
PHF +1,+2, 0,+3,
ROOT 8292
UHF -3, 0,+4,+6,
LHF +5,-5,+8,-3,
PHF +1,+2, 0,+3,
ROOT 5169
UHF -3, 0,+4,+6,
LHF +5,-5,+8,-3,
PHF +1,+2, 0,+3,
ROOT 2018
UHF -3, 0,+4,+6,
LHF +5,-5,+8,-3,
PHF +1,+2, 0,+3,
ROOT 8078
UHF -3, 0,+4,+6,
LHF +5,-5,+8,-3,
PHF +1,+2, 0,+3,
ROOT 2009
UHF -3, 0,+4,+6,
LHF +5,-5,+8,-3,
PHF +1,+2, 0,+3,
ROOT 8472
UHF -3, 0,+4,+6,
LHF +5,-5,+8,-3,
PHF +1,+2, 0,+3,
ROOT 5169
UHF -3, 0,+4,+6,
LHF +5,-5,+8,-3,
PHF +1,+2, 0,+3,
ROOT 7563
UHF -3, 0,+4,+6,
LHF +5,-5,+8,-3,
PHF +1,+2, 0,+3,
ROOT 7563
UHF -3, 0,+4,+6,
LHF +5,-5,+8,-3,
PHF +1,+2, 0,+3,
ROOT 5169
UHF -3, 0,+4,+6,
LHF +5,-5,+8,-3,
PHF +1,+2, 0,+3,
ROOT 5178
UHF -3, 0,+4,+6,
LHF +5,-5,+8,-3,
PHF +1,+2, 0,+3,
ROOT 6069
UHF -3, 0,+4,+6,
LHF +5,-5,+8,-3,
PHF +1,+2, 0,+3,
ROOT 3747
UHF -3, 0,+4,+6,
LHF +5,-5,+8,-3,
PHF +1,+2, 0,+3,
ROOT 2009
UHF -3, 0,+4,+6,
LHF +5,-5,+8,-3,
PHF +1,+2, 0,+3,
ROOT 4667
UHF -3, 0,+4,+6,
LHF +5,-5,+8,-3,
PHF +1,+2, 0,+3,
ROOT 2009
UHF -3, 0,+4,+6,
LHF +5,-5,+8,-3,
PHF +1,+2, 0,+3,
ROOT 2018
UHF -3, 0,+4,+6,
LHF +5,-5,+8,-3,
PHF +1,+2, 0,+3,
ROOT 4667
UHF -3, 0,+4,+6,
LHF +5,-5,+8,-3,
PHF +1,+2, 0,+3,
ROOT 3756
UHF -3, 0,+4,+6,
LHF +5,-5,+8,-3,
PHF +1,+2, 0,+3,
ROOT 8292
UHF -3, 0,+4,+6,
LHF +5,-5,+8,-3,
PHF +1,+2, 0,+3,
ROOT 9796
UHF -3, 0,+4,+6,
LHF +5,-5,+8,-3,
PHF +1,+2, 0,+3,
ROOT 9796
UHF -3, 0,+4,+6,
LHF +5,-5,+8,-3,
PHF +1,+2, 0,+3,
ROOT 2009
UHF -3, 0,+4,+6,
LHF +5,-5,+8,-3,
PHF +1,+2, 0,+3,
ROOT 1198
UHF -3, 0,+4,+6,
LHF +5,-5,+8,-3,
PHF +1,+2, 0,+3,
ROOT 1198
UHF -3, 0,+4,+6,
LHF +5,-5,+8,-3,
PHF +1,+2, 0,+3,
ROOT 2018
UHF -3, 0,+4,+6,
LHF +5,-5,+8,-3,
PHF +1,+2, 0,+3,
ROOT 3747
UHF -3, 0,+4,+6,
LHF +5,-5,+8,-3,
PHF +1,+2, 0,+3,
ROOT 5169
UHF -3, 0,+4,+6,
LHF +5,-5,+8,-3,
PHF +1,+2, 0,+3,
ROOT 3756
UHF -3, 0,+4,+6,
LHF +5,-5,+8,-3,
PHF +1,+2, 0,+3,
ROOT 8472
UHF -3, 0,+4,+6,
LHF +5,-5,+8,-3,
PHF +1,+2, 0,+3,
ROOT 7787
UHF -3, 0,+4,+6,
LHF +5,-5,+8,-3,
PHF +1,+2, 0,+3,
ROOT 7563
UHF -3, 0,+4,+6,
LHF +5,-5,+8,-3,
PHF +1,+2, 0,+3,
ROOT 6069
UHF -3, 0,+4,+6,
LHF +5,-5,+8,-3,
PHF +1,+2, 0,+3,
ROOT 8078
UHF -3, 0,+4,+6,
LHF +5,-5,+8,-3,
PHF +1,+2, 0,+3,
ROOT 7563
UHF -3, 0,+4,+6,
LHF +5,-5,+8,-3,
PHF +1,+2, 0,+3,
ROOT 6069
UHF -3, 0,+4,+6,
LHF +5,-5,+8,-3,
PHF +1,+2, 0,+3,
ROOT 5178
UHF -3, 0,+4,+6,
LHF +5,-5,+8,-3,
PHF +1,+2, 0,+3,
ROOT 6069
UHF -3, 0,+4,+6,
LHF +5,-5,+8,-3,
PHF +1,+2, 0,+3,
ROOT 2018
UHF -3, 0,+4,+6,
LHF +5,-5,+8,-3,
PHF +1,+2, 0,+3,
ROOT 2009
UHF -3, 0,+4,+6,
LHF +5,-5,+8,-3,
PHF +1,+2, 0,+3,
ROOT 9796
UHF -3, 0,+4,+6,
LHF +5,-5,+8,-3,
PHF +1,+2, 0,+3,
ROOT 8472
UHF -3, 0,+4,+6,
LHF +5,-5,+8,-3,
PHF +1,+2, 0,+3,
ROOT 4667
UHF -3, 0,+4,+6,
LHF +5,-5,+8,-3,
PHF +1,+2, 0,+3,
ROOT 2018
UHF -3, 0,+4,+6,
LHF +5,-5,+8,-3,
PHF +1,+2, 0,+3,
ROOT 8292
UHF -3, 0,+4,+6,
LHF +5,-5,+8,-3,
PHF +1,+2, 0,+3,
ROOT 8292
UHF -3, 0,+4,+6,
LHF +5,-5,+8,-3,
PHF +1,+2, 0,+3,
ROOT 8472
UHF -3, 0,+4,+6,
LHF +5,-5,+8,-3,
PHF +1,+2, 0,+3,
ROOT 7787
UHF -3, 0,+4,+6,
LHF +5,-5,+8,-3,
PHF +1,+2, 0,+3,
ROOT 8078
UHF -3, 0,+4,+6,
LHF +5,-5,+8,-3,
PHF +1,+2, 0,+3,
ROOT 6069
UHF -3, 0,+4,+6,
LHF +5,-5,+8,-3,
PHF +1,+2, 0,+3,
ROOT 2018
UHF -3, 0,+4,+6,
LHF +5,-5,+8,-3,
PHF +1,+2, 0,+3,
ROOT 7383
UHF -3, 0,+4,+6,
LHF +5,-5,+8,-3,
PHF +1,+2, 0,+3,
ROOT 4667
UHF -3, 0,+4,+6,
LHF +5,-5,+8,-3,
PHF +1,+2, 0,+3,
ROOT 3747
UHF -3, 0,+4,+6,
LHF +5,-5,+8,-3,
PHF +1,+2, 0,+3,
ROOT 2009
UHF -3, 0,+4,+6,
LHF +5,-5,+8,-3,
PHF +1,+2, 0,+3,
ROOT 5169
UHF -3, 0,+4,+6,
LHF +5,-5,+8,-3,
PHF +1,+2, 0,+3,
ROOT 7563
UHF -3, 0,+4,+6,
LHF +5,-5,+8,-3,
PHF +1,+2, 0,+3,
ROOT 7787
UHF -3, 0,+4,+6,
LHF +5,-5,+8,-3,
PHF +1,+2, 0,+3,
ROOT 3756
UHF -3, 0,+4,+6,
LHF +5,-5,+8,-3,
PHF +1,+2, 0,+3,
ROOT 4667
UHF -3, 0,+4,+6,
LHF +5,-5,+8,-3,
PHF +1,+2, 0,+3,
ROOT 5169
UHF -3, 0,+4,+6,
LHF +5,-5,+8,-3,
PHF +1,+2, 0,+3,
ROOT 8078
UHF -3, 0,+4,+6,
LHF +5,-5,+8,-3,
PHF +1,+2, 0,+3,
ROOT 6069
UHF -3, 0,+4,+6,
LHF +5,-5,+8,-3,
PHF +1,+2, 0,+3,
ROOT 9796
UHF -3, 0,+4,+6,
LHF +5,-5,+8,-3,
PHF +1,+2, 0,+3,
ROOT 5178
UHF -3, 0,+4,+6,
LHF +5,-5,+8,-3,
PHF +1,+2, 0,+3,
ROOT 2018
UHF -3, 0,+4,+6,
LHF +5,-5,+8,-3,
PHF +1,+2, 0,+3,
ROOT 3747
UHF -3, 0,+4,+6,
LHF +5,-5,+8,-3,
PHF +1,+2, 0,+3,
ROOT 8292
UHF -3, 0,+4,+6,
LHF +5,-5,+8,-3,
PHF +1,+2, 0,+3,
ROOT 5178
UHF -3, 0,+4,+6,
LHF +5,-5,+8,-3,
PHF +1,+2, 0,+3,
