NS 100
ROOT 8967
UHF +4, 0,+6,+6,
LHF -3,+7,-8,-1,
PHF +3,+3,+6,+5,
ROOT 5010
UHF +4, 0,+6,+6,
LHF -3,+7,-8,-1,
PHF +3,+3,+6,+5,
ROOT 9472
UHF +4, 0,+6,+6,
LHF -3,+7,-8,-1,
PHF +3,+3,+6,+5,
ROOT 5210
UHF +4, 0,+6,+6,
LHF -3,+7,-8,-1,
PHF +3,+3,+6,+5,
ROOT 5614
UHF +4, 0,+6,+6,
LHF -3,+7,-8,-1,
PHF +3,+3,+6,+5,
ROOT 9876
UHF +4, 0,+6,+6,
LHF -3,+7,-8,-1,
PHF +3,+3,+6,+5,
ROOT 9676
UHF +4, 0,+6,+6,
LHF -3,+7,-8,-1,
PHF +3,+3,+6,+5,
ROOT 5014
UHF +4, 0,+6,+6,
LHF -3,+7,-8,-1,
PHF +3,+3,+6,+5,
ROOT 5416
UHF +4, 0,+6,+6,
LHF -3,+7,-8,-1,
PHF +3,+3,+6,+5,
ROOT 9676
UHF +4, 0,+6,+6,
LHF -3,+7,-8,-1,
PHF +3,+3,+6,+5,
ROOT 9272
UHF +4, 0,+6,+6,
LHF -3,+7,-8,-1,
PHF +3,+3,+6,+5,
ROOT 5812
UHF +4, 0,+6,+6,
LHF -3,+7,-8,-1,
PHF +3,+3,+6,+5,
ROOT 4901
UHF +4, 0,+6,+6,
LHF -3,+7,-8,-1,
PHF +3,+3,+6,+5,
ROOT 4903
UHF +4, 0,+6,+6,
LHF -3,+7,-8,-1,
PHF +3,+3,+6,+5,
ROOT 9876
UHF +4, 0,+6,+6,
LHF -3,+7,-8,-1,
PHF +3,+3,+6,+5,
ROOT 4903
UHF +4, 0,+6,+6,
LHF -3,+7,-8,-1,
PHF +3,+3,+6,+5,
ROOT 4303
UHF +4, 0,+6,+6,
LHF -3,+7,-8,-1,
PHF +3,+3,+6,+5,
ROOT 4903
UHF +4, 0,+6,+6,
LHF -3,+7,-8,-1,
PHF +3,+3,+6,+5,
ROOT 9274
UHF +4, 0,+6,+6,
LHF -3,+7,-8,-1,
PHF +3,+3,+6,+5,
ROOT 5812
UHF +4, 0,+6,+6,
LHF -3,+7,-8,-1,
PHF +3,+3,+6,+5,
ROOT 4907
UHF +4, 0,+6,+6,
LHF -3,+7,-8,-1,
PHF +3,+3,+6,+5,
ROOT 5418
UHF +4, 0,+6,+6,
LHF -3,+7,-8,-1,
PHF +3,+3,+6,+5,
ROOT 9078
UHF +4, 0,+6,+6,
LHF -3,+7,-8,-1,
PHF +3,+3,+6,+5,
ROOT 9070
UHF +4, 0,+6,+6,
LHF -3,+7,-8,-1,
PHF +3,+3,+6,+5,
ROOT 4305
UHF +4, 0,+6,+6,
LHF -3,+7,-8,-1,
PHF +3,+3,+6,+5,
ROOT 5012
UHF +4, 0,+6,+6,
LHF -3,+7,-8,-1,
PHF +3,+3,+6,+5,
ROOT 5418
UHF +4, 0,+6,+6,
LHF -3,+7,-8,-1,
PHF +3,+3,+6,+5,
ROOT 5210
UHF +4, 0,+6,+6,
LHF -3,+7,-8,-1,
PHF +3,+3,+6,+5,
ROOT 5014
UHF +4, 0,+6,+6,
LHF -3,+7,-8,-1,
PHF +3,+3,+6,+5,
ROOT 4701
UHF +4, 0,+6,+6,
LHF -3,+7,-8,-1,
PHF +3,+3,+6,+5,
ROOT 4103
UHF +4, 0,+6,+6,
LHF -3,+7,-8,-1,
PHF +3,+3,+6,+5,
ROOT 5210
UHF +4, 0,+6,+6,
LHF -3,+7,-8,-1,
PHF +3,+3,+6,+5,
ROOT 4101
UHF +4, 0,+6,+6,
LHF -3,+7,-8,-1,
PHF +3,+3,+6,+5,
ROOT 5214
UHF +4, 0,+6,+6,
LHF -3,+7,-8,-1,
PHF +3,+3,+6,+5,
ROOT 8165
UHF +4, 0,+6,+6,
LHF -3,+7,-8,-1,
PHF +3,+3,+6,+5,
ROOT 9674
UHF +4, 0,+6,+6,
LHF -3,+7,-8,-1,
PHF +3,+3,+6,+5,
ROOT 4105
UHF +4, 0,+6,+6,
LHF -3,+7,-8,-1,
PHF +3,+3,+6,+5,
ROOT 9072
UHF +4, 0,+6,+6,
LHF -3,+7,-8,-1,
PHF +3,+3,+6,+5,
ROOT 5216
UHF +4, 0,+6,+6,
LHF -3,+7,-8,-1,
PHF +3,+3,+6,+5,
ROOT 4103
UHF +4, 0,+6,+6,
LHF -3,+7,-8,-1,
PHF +3,+3,+6,+5,
ROOT 4109
UHF +4, 0,+6,+6,
LHF -3,+7,-8,-1,
PHF +3,+3,+6,+5,
ROOT 4705
UHF +4, 0,+6,+6,
LHF -3,+7,-8,-1,
PHF +3,+3,+6,+5,
ROOT 8767
UHF +4, 0,+6,+6,
LHF -3,+7,-8,-1,
PHF +3,+3,+6,+5,
ROOT 5216
UHF +4, 0,+6,+6,
LHF -3,+7,-8,-1,
PHF +3,+3,+6,+5,
ROOT 5018
UHF +4, 0,+6,+6,
LHF -3,+7,-8,-1,
PHF +3,+3,+6,+5,
ROOT 5010
UHF +4, 0,+6,+6,
LHF -3,+7,-8,-1,
PHF +3,+3,+6,+5,
ROOT 8163
UHF +4, 0,+6,+6,
LHF -3,+7,-8,-1,
PHF +3,+3,+6,+5,
ROOT 4507
UHF +4, 0,+6,+6,
LHF -3,+7,-8,-1,
PHF +3,+3,+6,+5,
ROOT 5618
UHF +4, 0,+6,+6,
LHF -3,+7,-8,-1,
PHF +3,+3,+6,+5,
ROOT 4109
UHF +4, 0,+6,+6,
LHF -3,+7,-8,-1,
PHF +3,+3,+6,+5,
ROOT 5614
UHF +4, 0,+6,+6,
LHF -3,+7,-8,-1,
PHF +3,+3,+6,+5,
ROOT 8569
UHF +4, 0,+6,+6,
LHF -3,+7,-8,-1,
PHF +3,+3,+6,+5,
ROOT 8165
UHF +4, 0,+6,+6,
LHF -3,+7,-8,-1,
PHF +3,+3,+6,+5,
ROOT 4303
UHF +4, 0,+6,+6,
LHF -3,+7,-8,-1,
PHF +3,+3,+6,+5,
ROOT 8363
UHF +4, 0,+6,+6,
LHF -3,+7,-8,-1,
PHF +3,+3,+6,+5,
ROOT 8165
UHF +4, 0,+6,+6,
LHF -3,+7,-8,-1,
PHF +3,+3,+6,+5,
ROOT 8565
UHF +4, 0,+6,+6,
LHF -3,+7,-8,-1,
PHF +3,+3,+6,+5,
ROOT 4509
UHF +4, 0,+6,+6,
LHF -3,+7,-8,-1,
PHF +3,+3,+6,+5,
ROOT 5816
UHF +4, 0,+6,+6,
LHF -3,+7,-8,-1,
PHF +3,+3,+6,+5,
ROOT 5412
UHF +4, 0,+6,+6,
LHF -3,+7,-8,-1,
PHF +3,+3,+6,+5,
ROOT 5614
UHF +4, 0,+6,+6,
LHF -3,+7,-8,-1,
PHF +3,+3,+6,+5,
ROOT 5010
UHF +4, 0,+6,+6,
LHF -3,+7,-8,-1,
PHF +3,+3,+6,+5,
ROOT 9676
UHF +4, 0,+6,+6,
LHF -3,+7,-8,-1,
PHF +3,+3,+6,+5,
ROOT 4301
UHF +4, 0,+6,+6,
LHF -3,+7,-8,-1,
PHF +3,+3,+6,+5,
ROOT 5216
UHF +4, 0,+6,+6,
LHF -3,+7,-8,-1,
PHF +3,+3,+6,+5,
ROOT 8161
UHF +4, 0,+6,+6,
LHF -3,+7,-8,-1,
PHF +3,+3,+6,+5,
ROOT 5416
UHF +4, 0,+6,+6,
LHF -3,+7,-8,-1,
PHF +3,+3,+6,+5,
ROOT 4103
UHF +4, 0,+6,+6,
LHF -3,+7,-8,-1,
PHF +3,+3,+6,+5,
ROOT 5010
UHF +4, 0,+6,+6,
LHF -3,+7,-8,-1,
PHF +3,+3,+6,+5,
ROOT 8563
UHF +4, 0,+6,+6,
LHF -3,+7,-8,-1,
PHF +3,+3,+6,+5,
ROOT 8769
UHF +4, 0,+6,+6,
LHF -3,+7,-8,-1,
PHF +3,+3,+6,+5,
ROOT 9872
UHF +4, 0,+6,+6,
LHF -3,+7,-8,-1,
PHF +3,+3,+6,+5,
ROOT 8769
UHF +4, 0,+6,+6,
LHF -3,+7,-8,-1,
PHF +3,+3,+6,+5,
ROOT 8765
UHF +4, 0,+6,+6,
LHF -3,+7,-8,-1,
PHF +3,+3,+6,+5,
ROOT 8567
UHF +4, 0,+6,+6,
LHF -3,+7,-8,-1,
PHF +3,+3,+6,+5,
ROOT 5610
UHF +4, 0,+6,+6,
LHF -3,+7,-8,-1,
PHF +3,+3,+6,+5,
ROOT 5414
UHF +4, 0,+6,+6,
LHF -3,+7,-8,-1,
PHF +3,+3,+6,+5,
ROOT 5812
UHF +4, 0,+6,+6,
LHF -3,+7,-8,-1,
PHF +3,+3,+6,+5,
ROOT 5412
UHF +4, 0,+6,+6,
LHF -3,+7,-8,-1,
PHF +3,+3,+6,+5,
ROOT 5810
UHF +4, 0,+6,+6,
LHF -3,+7,-8,-1,
PHF +3,+3,+6,+5,
ROOT 4909
UHF +4, 0,+6,+6,
LHF -3,+7,-8,-1,
PHF +3,+3,+6,+5,
ROOT 8765
UHF +4, 0,+6,+6,
LHF -3,+7,-8,-1,
PHF +3,+3,+6,+5,
ROOT 4103
UHF +4, 0,+6,+6,
LHF -3,+7,-8,-1,
PHF +3,+3,+6,+5,
ROOT 9276
UHF +4, 0,+6,+6,
LHF -3,+7,-8,-1,
PHF +3,+3,+6,+5,
ROOT 8569
UHF +4, 0,+6,+6,
LHF -3,+7,-8,-1,
PHF +3,+3,+6,+5,
ROOT 5818
UHF +4, 0,+6,+6,
LHF -3,+7,-8,-1,
PHF +3,+3,+6,+5,
ROOT 5618
UHF +4, 0,+6,+6,
LHF -3,+7,-8,-1,
PHF +3,+3,+6,+5,
ROOT 8565
UHF +4, 0,+6,+6,
LHF -3,+7,-8,-1,
PHF +3,+3,+6,+5,
ROOT 9670
UHF +4, 0,+6,+6,
LHF -3,+7,-8,-1,
PHF +3,+3,+6,+5,
ROOT 5812
UHF +4, 0,+6,+6,
LHF -3,+7,-8,-1,
PHF +3,+3,+6,+5,
ROOT 9872
UHF +4, 0,+6,+6,
LHF -3,+7,-8,-1,
PHF +3,+3,+6,+5,
ROOT 5212
UHF +4, 0,+6,+6,
LHF -3,+7,-8,-1,
PHF +3,+3,+6,+5,
ROOT 4707
UHF +4, 0,+6,+6,
LHF -3,+7,-8,-1,
PHF +3,+3,+6,+5,
ROOT 4101
UHF +4, 0,+6,+6,
LHF -3,+7,-8,-1,
PHF +3,+3,+6,+5,
ROOT 4301
UHF +4, 0,+6,+6,
LHF -3,+7,-8,-1,
PHF +3,+3,+6,+5,
ROOT 9872
UHF +4, 0,+6,+6,
LHF -3,+7,-8,-1,
PHF +3,+3,+6,+5,
ROOT 4109
UHF +4, 0,+6,+6,
LHF -3,+7,-8,-1,
PHF +3,+3,+6,+5,
ROOT 9474
UHF +4, 0,+6,+6,
LHF -3,+7,-8,-1,
PHF +3,+3,+6,+5,
ROOT 8567
UHF +4, 0,+6,+6,
LHF -3,+7,-8,-1,
PHF +3,+3,+6,+5,
ROOT 9876
UHF +4, 0,+6,+6,
LHF -3,+7,-8,-1,
PHF +3,+3,+6,+5,
